tree
version=v4
num_class=1
num_tree_per_iteration=1
label_index=0
max_feature_idx=23
objective=binary sigmoid:1
feature_names=temp_mean_k wind_speed precip_total_m dewpoint_k ndvi landcover slope_deg aspect_deg elevation_m temp_anomaly_z vpd_kpa precip_sum_7d precip_sum_30d precip_sum_90d dry_day_count_30d temp_mean_30d fine_fuel_moisture_code duff_moisture_code drought_code initial_fire_spread_index build_up_index fire_weather_index keetch_byram_drought_index fire_danger_index
feature_infos=[241.95043291364399:312.61208025614422] [0.0018864929798414001:8.6426069778343937] [4.262150604006365e-06:0.54737068072669715] [238.4832409904117:298.07199800582163] [-1:1] [10:100] [0:71.367389212339788] [0:358.96338265702514] [-58:4187] [-13.144337926601636:7.5466422470903538] [0.0128972127860868:6.501303120527032] [1.3009254757889719e-06:0.35444878593826701] [1.5463084569233843e-05:0.9124169437500278] [6.3520084545132249e-05:2.7283172074880611] [0:30] [246.2784794489543:311.20263209872775] [2:100.279296875] [0:1432.75] [0:3156.75] [8.6074782856826459e-09:63.6875] [0:1405.75] [1.7216612580028823e-09:121.28125] [0:201.85546875] [0:62.759765625]
tree_sizes=5033 5085 5062 5078 5103 5117 5109

Tree=0
num_leaves=47
num_cat=0
split_feature=13 18 13 0 1 13 5 23 3 17 23 3 9 20 15 23 15 0 20 15 0 3 13 17 3 1 19 18 13 3 1 18 11 9 2 23 10 10 20 17 0 7 13 10 2 10
split_gain=12521.1 5282.71 3833.09 3613.09 2532.22 1948.25 1167.26 854.507 807.303 784.799 748.32 589.56 757.381 987.102 841.931 465.199 765.187 1424.6 389.095 454.488 501.098 471.651 627.189 357.294 327.049 318.345 363.801 296.396 297.056 282.46 297.492 278.127 264.018 278.105 246.224 213.856 578.006 249.827 210.324 200.962 144.318 118.586 99.7457 98.2798 79.2152 72.7943
threshold=0.019752053329147704 1044.8750000000002 0.0024993956864580004 290.77013694672365 1.7819166712410281 0.086809601412833018 35.000000000000007 17.432617187500004 290.10384203138807 307.37500000000006 6.7626953125000009 275.39935743241091 -2.6864941858738933 282.37500000000006 299.08519393073192 4.3525390625000009 281.21194660398697 282.45340499423804 47.125000000000007 279.83281553056514 283.16522709528607 293.86808783667431 0.19980073731350417 46.125000000000007 276.91026873815639 1.4107819455870296 1.3818359375000002 900.97500610351574 0.051500903335986302 274.87129772277115 1.9906062106990976 763.68176269531261 0.00035732431187970008 -0.95963072657478243 1.0314170783232157e-05 26.601074218750004 2.418055866983789 2.0080867055791436 530.87500000000011 459.62500000000006 289.42842097509475 304.37249164053111 0.10401336154551007 1.2357196064596805 0.011896672559108952 2.1636188252629527
decision_type=2 2 2 2 2 2 2 2 2 2 2 2 2 2 2 2 2 2 2 2 2 2 2 2 2 2 2 2 2 2 2 2 2 2 2 2 2 2 2 2 2 2 2 2 2 2
left_child=1 2 3 29 9 8 7 -6 15 -5 44 -12 13 -13 -14 45 17 -17 -7 20 -20 34 41 -19 -11 26 -10 28 -18 -1 -31 -32 -28 -34 42 -3 37 43 -39 -29 -36 -23 -21 -37 -4 -2
right_child=5 35 10 4 6 18 -8 -9 25 24 11 12 14 -15 -16 16 27 23 19 21 -22 22 -24 -25 -26 -27 32 39 -30 30 31 -33 33 -35 40 36 -38 38 -40 -41 -42 -43 -44 -45 -46 -47
leaf_value=-5.2372944986240588 -5.2227893211417493 -5.2205535516794184 -5.1812164635762876 -5.1621733971524817 -4.8921314378653529 -5.2270767906766871 -5.2218002472864624 -3.76110077105607 -5.2309517721966285 -5.2213235559428899 -5.1657839578562035 -4.2913953366548832 -5.0094007691993481 -5.1406822015741707 -4.725840726138328 -5.1773137128232989 -5.0361795790603221 -5.2165344312010076 -5.2279885106070489 -5.2272534456277295 -4.4142081109538056 -4.6236647429095514 -5.2127327460814952 -4.1214419285709019 -4.4859377119810073 -5.1742791072223602 -5.1422403675923976 -5.2305643270879312 -5.1390303510890378 -5.2290364859996954 -4.5018017515195154 -5.2221073746874414 -5.0339294868907842 -4.5937292757403849 -5.1134704740111818 -4.8922748729649639 -5.2394833260255611 -4.4252467751169311 -5.217555984437289 -4.9317602232441082 -5.2048185685542609 -5.2168833940623607 -4.9200017967906842 -5.2315415547046484 -4.9234824292333625 -5.0757453723467449
leaf_weight=3.8993676658719805 31.493444640189409 22.885254366323355 7.8901687767356616 2.5655150003731269 1.3661232870072098 269.53773912787437 0.58087132126092988 9.2078860253095609 1.6350452005863179 0.54860069230198849 4.4399006981402627 4.6899980381131163 20.333185428753495 1.8286689724773166 21.944027610123158 3.3669022861868134 59.980342270806432 0.28505722247064103 1.1671210806816805 1.0756876319646824 0.49212708324193943 2.5171090438961978 3.9827334564179182 1.425286093726754 6.6827093735337257 3.1786569505929938 1.8716964777559031 20.69623003713787 47.787423014640808 1.3123389109969141 0.84979321993887402 0.60238507390022278 2.9581409823149416 6.0883919652551421 16.675847498700023 0.21782674267887925 5.9646879192441702 0.84172556176781632 0.3334631659090519 1.2343515530228604 135.09023122303188 0.30119253695011128 3.2324413247406483 1.7533708401024339 0.33615238219499577 2.3396205957978955
leaf_count=725 5838 4241 1453 470 233 49992 108 1320 304 102 815 732 3651 333 3772 619 10823 53 217 200 60 412 737 195 1092 584 341 3841 8752 244 123 112 529 1013 3041 30 1109 118 62 212 24977 56 566 326 52 421
internal_value=-5.1152 -4.83751 -4.71986 -4.42767 -4.24115 -5.1701 -3.9321 -3.86623 -5.08867 -4.67977 -4.86174 -4.82108 -4.79144 -4.48734 -4.85419 -5.10922 -5.08442 -4.75199 -5.2049 -5.16868 -4.77869 -5.17533 -4.94739 -4.23958 -4.53651 -4.88822 -4.82454 -5.10092 -5.08062 -5.06537 -4.87965 -4.68429 -4.76691 -4.70477 -5.18694 -5.1703 -5.05536 -4.78303 -4.55087 -5.20241 -5.19415 -4.67265 -4.9858 -5.10023 -5.13963 -5.2091
internal_weight=739.487 121.074 89.0777 27.6156 20.9517 618.413 11.1549 10.574 184.341 9.79683 61.4621 53.2358 48.7959 6.51867 42.2772 168.609 134.776 5.07725 434.072 164.534 1.65925 162.875 6.80104 1.71034 7.23131 15.7319 12.5533 129.698 107.768 6.66388 2.76452 1.45218 10.9182 9.04653 156.074 31.9963 9.11107 3.14639 1.17519 21.9306 151.766 2.8183 4.30813 1.9712 8.22632 33.8331
internal_count=135006 21223 15337 4529 3325 113783 1661 1553 33525 1664 10808 9303 8488 1065 7423 30754 24495 867 80258 30266 277 29989 1205 248 1194 2771 2187 23628 19575 1204 479 235 1883 1542 28784 5886 1645 536 180 4053 28018 468 766 356 1505 6259
is_linear=0
shrinkage=1


Tree=1
num_leaves=47
num_cat=0
split_feature=12 9 8 0 9 10 20 22 8 4 15 16 5 4 0 16 20 22 19 0 4 6 10 15 22 8 11 20 12 7 10 4 6 8 4 6 10 15 4 22 11 20 2 4 12 6
split_gain=6078.31 1286.84 1553.68 1083.64 1532.36 890.234 717.447 687.099 748.749 747.116 763.3 653.637 540.569 595.918 439.361 432.955 413.936 380.613 469.246 388.169 372.71 395.637 319.953 297.277 258.137 359.618 225.511 224.169 177.098 149.582 145.797 254.98 143.593 141.674 137.273 126.198 123.494 205.257 173.544 118.744 95.7545 101.444 114.424 94.4326 82.4577 80.68
threshold=0.013779552650795701 -3.1683297018575374 990.50000000000011 301.30055511565439 1.4191387183303699 2.5652171749474495 47.125000000000007 5.1035156250000009 972.50000000000011 0.16974858994152528 290.76890243954136 90.736396789550795 35.000000000000007 0.78679746699667497 298.98571588879548 96.352539062500014 292.37500000000006 5.5761718750000009 8.7705078125000018 288.74866526467468 0.16716960761033237 1.046156562406104 2.0847046563869802 290.02478294372571 59.455078125000007 175.50000000000003 0.0011504928270191501 109.87500000000001 0.011053336298516502 20.196334452747539 1.2844309236650335 0.81145148999754524 1.3848736628229916 1083.5000000000002 0.78679746699667497 2.0777716570414122 1.2754052562722271 289.58587143156268 0.41041061577760968 27.962890625000004 1.2835835235591732e-05 111.37500000000001 0.00029865636368770003 0.2935449067591277 2.2262139664164241e-05 18.905293023530909
decision_type=2 2 2 2 2 2 2 2 2 2 2 2 2 2 2 2 2 2 2 2 2 2 2 2 2 2 2 2 2 2 2 2 2 2 2 2 2 2 2 2 2 2 2 2 2 2
left_child=1 2 35 7 5 12 -2 11 24 -10 -11 -3 13 -5 17 16 -4 18 45 26 -7 -22 27 33 39 -26 -20 30 -13 43 31 -16 -29 -18 -34 -1 37 -37 -39 -9 41 42 -19 -24 -6 -8
right_child=6 3 15 4 44 20 14 8 9 10 -12 28 -14 -15 22 -17 23 40 19 -21 21 -23 29 -25 25 -27 -28 32 -30 -31 -32 -33 34 -35 -36 36 -38 38 -40 -41 -42 -43 -44 -45 -46 -47
leaf_value=0.042361543151617546 -0.011777287166145064 0.047793095984045166 0.69551632658161744 0.58379628134341277 0.19097196052025583 0.008589065135221308 -0.0092093166109106211 0.11044323992741183 -0.007902010928404684 0.081000339912937133 0.32001667856312577 0.75297624780895733 0.015277396619747363 0.21615334553730534 0.31491661099270341 -0.015606934272557974 -0.019849725945543541 -0.013097734867727024 -0.0063678161320410128 -0.01500958365412435 0.41834220038469011 0.19181266700384106 0.33499315747468944 0.45492750943287225 0.0047567161041918646 0.13932287511202593 0.64120558300869268 0.05910070118041319 0.067338645169522149 0.0076855867708624697 0.036384475015120377 0.0033758607964824694 0.43351443230391445 0.26257688830122666 0.11902010098778477 -0.014609326392408807 -0.015477543872115354 0.515095471914363 -0.0083083425558494305 0.013138050366303602 0.0070253492146068559 -0.019030328109515774 0.33240883860569181 -0.011063587343722342 -0.014209691225778812 0.21692967441504621
leaf_weight=12.325614326633515 280.01444764016196 2.7695378498174241 7.9602032941766145 17.066695336252458 0.94041911885142582 6.5804986255243412 7.165936451405285 13.571600284427403 12.744584483094512 18.644248474389315 38.376264404505491 2.4777185348793869 2.4982525482773772 7.3163195997476569 5.7196781774982863 1.4765338283032168 2.4834048976190415 1.1179898842237883 0.51892718253657255 1.3860903815366326 9.8852931484580022 32.531086783856153 1.2843007706105738 12.395662407390772 22.874605564400554 83.552782607264817 2.4540142919868231 2.2939283321611574 0.63124046241864551 17.459177629090846 9.5031354129314405 3.7423128061927855 6.0388111374340934 2.7715373011305928 2.7798739778809249 1.318056994583457 1.4336720104329286 1.7672613179311158 0.65051749907433976 52.543812681920826 97.64859484275803 2.2454680241644382 1.6729650660417972 0.89233491523191322 18.158630268182606 0.73681643232703198
leaf_count=1329 52527 391 552 1737 143 981 1278 2319 2258 3060 4947 148 331 857 782 231 395 191 86 252 905 3444 188 509 3880 12931 272 332 69 2820 1603 618 758 446 335 192 129 151 77 9112 17491 389 266 149 3012 118
internal_value=0.0932505 0.179905 0.331426 0.159296 0.245654 0.305404 0.0174426 0.125371 0.116372 0.19902 0.244711 0.424605 0.445113 0.48658 0.06694 0.470267 0.498038 0.0340748 0.185406 0.402544 0.221265 0.253164 0.140642 0.37614 0.0819654 0.11077 0.55351 0.200796 0.665493 0.0429428 0.126536 0.204373 0.306126 0.146312 0.357207 0.102332 0.214305 0.288402 0.411288 0.0345494 0.0143324 0.130378 0.225478 0.232412 0.00459362 0.0331992
internal_weight=832.421 387.746 44.5825 343.164 94.9772 75.8781 444.675 248.186 242.308 69.7651 57.0205 5.8785 26.8813 24.383 164.66 27.0873 25.6108 114.947 12.2618 4.35903 48.9969 42.4164 49.7136 17.6506 172.543 106.427 2.97294 30.0777 3.10896 19.6358 18.9651 9.46199 11.1126 5.25494 8.81869 17.4951 5.16951 3.73584 2.41778 66.1154 102.685 5.03642 2.79095 2.17664 19.099 7.90275
internal_count=134991 54536 4011 50525 11410 8255 80455 39115 38507 10265 8007 608 2925 2594 27928 2133 1902 20343 2006 610 5330 4349 7585 1350 28242 16811 358 4428 217 3157 3003 1400 1425 841 1093 1878 549 420 228 11431 18337 846 457 337 3155 1396
is_linear=0
shrinkage=0.03


Tree=2
num_leaves=47
num_cat=0
split_feature=13 18 20 13 3 15 10 12 8 3 18 8 3 18 9 10 15 12 19 3 23 8 3 18 23 13 9 14 19 23 10 3 2 7 7 11 12 18 10 8 8 6 7 7 9 3
split_gain=4931.74 1106.48 1053.65 852.522 821.317 811.966 346.2 344.032 340 385.423 286.937 772.308 583.184 276.585 274.97 257 269.46 247.449 234.995 512.318 484.584 197.919 194.507 188.185 168.346 149.992 281.442 141.678 139.054 121.749 211.078 199.445 129.723 113.108 101.991 93.0337 92.2015 111.491 88.4422 71.4411 65.8447 171.562 220.866 79.4405 64.213 54.2831
threshold=0.035008556248635907 1084.6250000000002 47.125000000000007 0.011079945463258351 292.4646302631923 280.76473147074387 0.55746796865864956 0.00061204168467370013 977.50000000000011 275.39935743241091 470.60000610351568 321.50000000000006 284.09108622868865 378.62500000000006 -0.37233595833730537 0.7704659591094738 303.11144778993395 0.0013677784436456502 19.275390625000004 274.73371962138589 21.504882812500004 882.50000000000011 275.5248739151728 282.62500000000006 0.67626953125000011 0.060596409799446208 2.6435902925601211 26.500000000000004 15.739257812500002 26.601074218750004 2.418055866983789 272.76156198410769 6.4811763696326366e-05 208.09832178338141 46.909342895967598 7.7009584540377335e-06 0.063515280513827918 647.55822753906261 0.81813109222660862 229.50000000000003 101.50000000000001 7.9018193456817425 106.37164958387204 45.652824119504679 -0.32219150098970256 277.77439762297138
decision_type=2 2 2 2 2 2 2 2 2 2 2 2 2 2 2 2 2 2 2 2 2 2 2 2 2 2 2 2 2 2 2 2 2 2 2 2 2 2 2 2 2 2 2 2 2 2
left_child=1 3 40 15 5 6 -4 8 34 -10 11 12 14 -6 -5 -1 18 33 19 -17 -20 -13 -19 -8 -15 26 -9 -25 -24 -3 31 -31 -33 -12 -7 -35 37 -26 -27 44 41 -2 43 -43 -18 -23
right_child=2 29 4 10 13 7 23 25 9 -11 17 21 -14 24 -16 16 39 22 20 -21 -22 45 28 27 36 38 -28 -29 -30 30 -32 32 -34 35 -36 -37 -38 -39 -40 -41 -42 42 -44 -45 -46 -47
leaf_value=-0.021123550992703893 0.0046304920739949594 -0.0094033691910763387 0.0049405805518152601 0.076679166184941347 0.045404545125724435 0.16315957453287511 0.029461916868150678 0.044440679164125814 0 0.33646774189853534 0.0070614306376202956 -0.024648108126810463 0.1462333307150466 -0.015584374475133297 1.0722861923321054 0.05746987356460926 0.02153830249788349 -0.0064632245324168849 0.064695236463509359 0.26319747792394516 0.40898225982118713 -0.004618579910698045 0.14299925283624371 0.54033404225906811 0.36117780710800795 0.053630754602558672 0.25195150680279194 0.21888928859832513 0.27463382255993257 -0.01683694755059666 -0.0077613438274880403 0.51291758354711492 0.083622928248773015 0.014383127775941621 0.025996126788831977 0.17288650260989288 -0.0091869864637980012 0.13166017663126212 0.0036603589795187099 0.013590229995891856 -0.018616470511724201 -0.0010342869718522813 -0.01568584143350079 0.55943214550998688 0.24813823068923258 0.34628045486023418
leaf_weight=2.9511709609068921 42.379136621020734 26.73567432211712 3.5319835389964274 0.48946765251457691 6.4626119486056295 5.4087891285307732 1.6619673091918219 51.767699474934489 4.3727800678461781 9.3736790069378895 21.35892311250791 5.5008579865098 2.1975641907192767 1.4708996219560528 0.98113666102289998 13.080671989824621 2.0623830100521445 6.2104601259343317 4.9157486106269088 96.509175880346447 22.389815623871982 0.41104196570813645 52.889666049741209 3.7718538823537511 13.199156268499797 39.55352778872475 5.7839250504039219 5.0477877827361226 9.7047572475858015 1.703895908780394 6.6384518481791019 1.2812818917445841 1.5833311351016162 5.5945906843990079 23.454429671633989 8.4226582008413953 0.72054368956014414 4.1504790568724266 151.308588469401 5.7014868161641061 236.03903057146817 0.24152137432247345 1.4983058082871137 0.41480903001502156 2.4791812654584628 1.2147658411413429
leaf_count=411 8021 4630 603 67 1022 808 173 7683 637 1048 2760 805 293 192 77 1247 146 961 288 6764 1073 42 5933 168 1157 6565 788 231 1014 245 1195 100 184 751 3624 1007 91 408 25832 563 44795 46 285 58 154 87
internal_value=0.0796045 0.178374 0.0304506 0.199998 0.0666226 0.0523608 0.267825 0.0410835 0.118934 0.236891 0.136387 0.280829 0.582273 0.225564 0.908505 0.247462 0.252996 0.118836 0.264259 0.239438 0.351688 0.0723765 0.151844 0.34774 0.279743 0.0272827 0.0693448 0.397997 0.1675 0.0258975 0.104475 0.240748 0.360226 0.0520612 0.0565035 0.115194 0.303653 0.316766 0.0142729 0.0918213 -0.0122915 0.0207732 0.234264 0.47346 0.168775 0.287307
internal_weight=914.622 303.008 611.614 265.066 331.041 305.037 14.0136 291.023 42.6097 13.7465 114.976 10.7948 3.66817 26.0037 1.4706 150.09 147.138 104.181 136.895 109.59 27.3056 7.12667 68.8049 10.4816 19.5411 248.414 57.5516 8.81964 62.5944 37.9426 11.207 4.56851 2.86461 35.3762 28.8632 14.0172 18.0702 17.3496 190.862 10.2431 280.573 44.5338 2.15464 0.65633 4.54156 1.62581
internal_count=135032 30797 104235 24443 51030 48160 1175 46985 6117 1685 13797 1371 437 2870 144 10646 10235 12426 9372 8011 1361 934 7908 572 1848 40868 8471 399 6947 6354 1724 529 284 4518 4432 1758 1656 1565 32397 863 53205 8410 389 104 300 129
is_linear=0
shrinkage=0.03


Tree=3
num_leaves=47
num_cat=0
split_feature=13 13 18 17 3 15 4 18 17 4 12 17 15 23 18 10 17 10 15 4 21 16 11 22 14 22 21 4 4 5 15 17 3 15 2 16 7 17 16 22 6 6 5 4 10 15
split_gain=3650.09 628.652 672.938 414.185 325.373 265.83 300.044 255.545 249.026 275.377 244.159 233.043 244.214 224.751 204.19 203.908 183.949 211.507 250.689 196.994 183.968 180.526 173.96 151.831 138.831 221.046 136.83 120.205 119.431 115.768 115.131 100.96 83.3454 81.0132 75.1768 74.3653 65.9105 62.7534 98.3803 125.927 72.6733 59.5478 62.6652 130.638 48.3529 50.5687
threshold=0.060596409799446208 0.0090558702639924014 1084.6250000000002 29.125000000000004 292.4646302631923 281.21194660398697 0.2735205961759733 900.97500610351574 459.62500000000006 0.56517749550420648 6.1393692154965165e-05 49.125000000000007 288.25125537448463 6.2529296875000009 420.87500000000006 1.814867902885426 370.37500000000006 1.3040473996856474 302.60398052003654 0.36785657900672114 45.501953125000007 75.645507812500014 0.00024096565692665003 47.623046875000007 24.500000000000004 90.951171875000014 20.818359375000004 0.55173726784426391 0.71766607900081014 15.000000000000002 303.32224460177957 192.87500000000003 272.94625091552746 303.53923447926849 0.0030578187685037007 93.480968475341811 36.994817592575785 407.37500000000006 96.352539062500014 130.36132812500003 1.3172849954153025 10.590973840643356 15.000000000000002 0.19426622878153033 2.418055866983789 299.08519393073192
decision_type=2 2 2 2 2 2 2 2 2 2 2 2 2 2 2 2 2 2 2 2 2 2 2 2 2 2 2 2 2 2 2 2 2 2 2 2 2 2 2 2 2 2 2 2 2 2
left_child=1 2 13 -2 5 6 26 11 41 44 29 -3 22 -1 -14 24 17 20 -19 32 -15 -16 23 -13 25 36 -5 -27 -21 -7 35 -31 -18 -32 -17 -12 -6 38 -4 40 -40 -9 -43 -44 45 -10
right_child=3 7 37 4 15 10 -8 8 9 -11 30 12 14 16 21 34 19 18 -20 28 -22 -23 -24 -25 -26 27 -28 -29 -30 31 33 -33 -34 -35 -36 -37 -38 -39 39 -41 -42 42 43 -45 -46 -47
leaf_value=-0.023005673201329162 -0.0094270731996300358 -0.016172746289031394 -0.022266539843740607 -0.013752372125871036 0.20209393474978837 0.01865908018439049 -0.02404114259001592 -0.0039442018563137391 -0.010329443218798414 0.50057875598566148 0.024807816520391424 0.36790056393120674 -0.0065006800941328959 0.017235142339601297 0.3529096058293178 0.4922818854553887 0.19759741335463235 0.26665275234134733 0.061347759195687905 0.25957782819377001 0.19107021813058134 0.11587008365642816 0.073429088559447395 -0.011888127699612743 0.028769392671105481 -0.0079137789133049245 0.3156730564035049 0.42357506423006525 0.10668308509634861 0.2772920125949202 0.367495672099724 0.05880811312305044 0.080082651132563465 -0.0087881199665138434 0.056952907116538727 -0.015305385527498114 0.012537203688514442 -0.012469496183966814 -0.0061637661719236517 -0.01649687791790256 0.36676950529378993 -0.020929999865701484 -0.019254524553641895 0.2655837340995878 -0.020532281747609141 0.26649340780768505
leaf_weight=3.9912401302717617 267.73861748119816 11.20507574547082 3.5655113034881678 1.2016663700342158 1.4280663509853235 5.015823100693523 4.7027354352176189 36.318164423108101 0.81963493768125661 1.0800475110299883 154.09201232437044 7.1875866558402759 11.897851900197564 8.0113450167700666 2.2343142023310056 1.1127673159353424 6.7853654446080318 71.684455076698214 6.6138681820593765 18.604507209267471 18.591688292101026 174.62495889281854 4.4353154664859167 0.96760068275034417 10.818527158349751 0.61681825062260065 6.470178693998605 2.6214846726506948 9.0011927965097112 5.2235163492150587 0.41856150561943539 3.8200566619634628 32.087700058706105 0.6897412440739572 0.82422076631337393 55.872107170056552 5.8725495687685907 16.283823308069259 0.50346429599449072 1.6413236446678636 1.4406096432358024 2.886667732615023 2.3078613057732582 2.2757225399836898 2.7341598020866513 0.44627824146300554
leaf_count=508 51404 1831 609 207 157 649 589 5308 110 77 25583 309 1684 792 268 53 293 3368 456 677 1262 18746 491 98 1013 46 194 124 396 548 33 495 1699 96 66 9369 755 2798 60 262 120 390 389 256 382 30
internal_value=0.0706233 0.1323 0.172765 0.0167585 0.043597 0.0327107 0.162903 0.100963 0.0379184 0.217954 0.0248393 0.115184 0.122567 0.192846 0.112814 0.14843 0.198012 0.22441 0.250379 0.153559 0.141459 0.120866 0.249287 0.325807 0.109585 0.182343 0.267746 0.357496 0.215406 0.141668 0.0163977 0.200645 0.105187 0.237378 0.391548 0.0140832 0.0702189 0.0205086 0.0886579 0.181075 0.298863 0.0124976 0.0841698 0.143329 0.0555906 0.159153
internal_weight=988.767 460.227 198.806 528.539 260.801 237.506 12.3746 261.421 48.8685 5.08012 225.132 212.553 201.348 175.371 188.757 23.2944 171.38 104.901 78.2983 66.4788 26.603 176.859 12.5905 8.15519 21.3574 10.5389 7.67185 3.2383 27.6057 14.0594 211.072 9.04357 38.8731 1.1083 1.93699 209.964 7.30062 23.4347 7.15091 3.5854 1.94407 43.7884 7.47025 4.58358 4.00007 1.26591
internal_count=135050 43669 13300 91381 39977 37763 990 30369 6942 599 36773 23427 21596 9451 20698 2214 8943 5878 3824 3065 2054 19014 898 407 2095 1082 401 170 1073 1692 35081 1043 1992 129 119 34952 912 3849 1051 442 180 6343 1035 645 522 140
is_linear=0
shrinkage=0.03


Tree=4
num_leaves=47
num_cat=0
split_feature=13 18 11 13 15 23 5 15 8 8 8 9 1 1 20 18 3 15 19 11 15 23 1 12 20 3 8 18 3 18 13 3 1 9 6 18 8 8 6 15 6 3 8 19 9 9
split_gain=2737.33 523.969 479.541 445.759 342.635 263.731 200.016 195.036 179.916 170.585 216.176 208.31 327.163 186.602 407.798 155.158 320.56 189.617 155.05 150.084 216.69 163.186 160.529 213.519 291.9 147.928 167.828 145.32 135.79 112.552 105.176 89.7732 87.1004 78.6524 75.0454 70.6488 70.5567 108.738 115.942 67.1858 62.5844 50.9304 52.4231 50.3646 69.8388 118.545
threshold=0.060596409799446208 1044.8750000000002 0.0072977745593902511 0.018969158865056453 302.14409707387296 6.1821289062500009 55.000000000000007 287.07063574261139 1045.5000000000002 269.50000000000006 63.500000000000007 2.6435902925601211 0.35769744920523389 2.1466753632865059 206.62500000000003 442.10000610351568 283.95310483660018 298.95582741631409 16.111328125000004 4.7022046878453247e-06 293.8123315493267 13.260742187500002 1.7659879105680647 0.024248446887670003 152.62500000000003 292.4646302631923 107.50000000000001 685.34945678710949 286.89340380259927 657.85000610351574 0.00010673029944455001 276.12688141777409 0.79691615170316965 0.65624890115146417 0.61521196211686802 642.35000610351574 76.500000000000014 74.500000000000014 0.72397390648244808 301.27151150173614 24.42509831085999 276.24358985537583 1120.5000000000002 6.5126953125000009 0.81556465994407212 1.0086292429641137
decision_type=2 2 2 2 2 2 2 2 2 2 2 2 2 2 2 2 2 2 2 2 2 2 2 2 2 2 2 2 2 2 2 2 2 2 2 2 2 2 2 2 2 2 2 2 2 2
left_child=1 3 4 5 19 -1 7 -7 -9 10 -5 13 18 31 -15 16 -12 -17 -13 20 -2 29 25 24 -24 -21 -27 -14 -6 -22 33 -11 -30 -3 -34 -36 37 39 -39 -4 -32 -42 -43 -38 -45 -46
right_child=2 30 36 9 28 6 -8 8 -10 11 15 12 27 14 -16 17 -18 -19 -20 22 21 -23 23 -25 -26 26 -28 -29 32 -31 40 -33 34 -35 35 -37 43 38 -40 -41 41 42 -44 44 45 -47
leaf_value=0.0046726258616166944 0.0010054894070087028 -0.012555617817809556 0.0011809650423619878 -0.012704667991437395 -0.018073535742396795 -0.0067740461794468434 -0.024547783319594636 0.14597068160767274 0.21034108005125635 -0.021310348653809288 0.31799700411093784 0.055926975262736781 0.19848864238921224 0.37365342508557625 -0.023428345299089468 0.035190136850752216 -0.02137530854926406 0.16048545660111452 0.63266633204302913 0.012457958852758974 0.46936715934395618 -0.012270478482610446 0.19234436068377508 -0.0021727849150861909 0.019846337214601703 0.012684108868953856 0.20267871122096823 -0.0065597253710714589 -0.011947858021392886 -0.0056288716545113094 -0.0022015646058980557 0.051100915625481962 -0.0090532924935468832 0.28648991454858136 0.31513429616697625 -0.0072468968231107992 -0.023273112251788509 0.42708985280891459 -0.010571563225185758 0.18058380241519997 -0.013872868032535334 -0.0076845101351464178 0.29558713352785476 -0.013874226290320825 0.2747349617122008 0.022150510068730509
leaf_weight=11.285494725219904 4.090186793357133 1.0516326474025839 25.608573453035213 8.7364612934179586 1.9845135859213758 6.2170631694607428 5.2432526368647805 200.03355893306434 58.308074789121747 18.188252612948418 9.5116100828163308 0.84718230087309965 5.0060007427819055 3.7385760406032187 4.3057961240410805 17.9392673172988 3.0881723235361269 30.24482939299196 0.86916077136993408 189.43938016053289 2.0205183289945134 1.0205288827419279 20.303677611984313 19.566804110072553 15.654030377510933 8.9698664424940961 7.2137095718644551 6.2121344045735896 0.97144880471750994 0.47067014686763275 43.672553201206028 82.243570404592901 0.70338770980015208 1.2060156078077851 7.2709498628973961 0.5736913215368985 200.28398701874539 0.2338105160742987 0.84568943455815315 1.0349535509012628 1.2129402430728071 0.6056125760078428 0.73093193722888827 17.752194165252153 1.2929857610724846 7.2027085814625025
leaf_count=1398 517 165 4753 1089 303 553 493 10721 1777 2537 313 81 430 350 525 2326 406 2528 39 31830 193 180 2053 3376 2163 988 733 643 97 46 7071 9618 58 76 405 63 38350 30 157 102 190 87 46 3129 201 1292
internal_value=0.0649829 0.113887 0.0172255 0.12352 0.0442273 0.147739 0.153661 0.157295 0.161277 0.0872515 0.124962 0.0647645 0.174867 0.050104 0.181359 0.144732 0.238921 0.115623 0.475589 0.0369044 0.160869 0.304244 0.0326731 0.07755 0.119979 0.0202092 0.104588 0.0932068 0.198188 0.401999 0.0193715 0.0378472 0.241274 0.184256 0.268918 0.292726 -0.0125705 0.0317634 0.241133 0.0146473 0.00745952 0.128639 0.211125 -0.0181382 0.0202396 0.0861082
internal_weight=1055.01 520.498 534.508 472.018 280.253 281.087 269.802 264.559 258.342 190.931 69.5203 121.411 12.9345 108.476 8.04437 60.7839 12.5998 48.1841 1.71634 268.749 7.6019 3.51172 261.147 55.5245 35.9577 205.623 16.1836 11.2181 11.504 2.49119 48.4797 100.432 9.51948 2.25765 8.54803 7.84464 254.255 27.723 1.0795 26.6435 46.222 2.54948 1.33654 226.532 26.2479 8.49569
internal_count=134481 43462 91019 35827 43005 14942 13544 13051 12498 20885 6662 14223 1193 13030 875 5573 719 4854 120 42079 936 419 41143 7592 4216 33551 1721 1073 926 239 7635 12155 623 241 526 468 48014 5042 187 4855 7394 323 133 42972 4622 1493
is_linear=0
shrinkage=0.03


Tree=5
num_leaves=47
num_cat=0
split_feature=20 17 4 3 22 17 8 3 8 6 20 2 4 22 10 19 21 8 0 8 3 20 11 4 0 1 1 8 8 6 11 1 2 2 6 7 12 11 0 10 11 10 4 12 20 6
split_gain=1746.89 366.894 324.695 260.232 294.541 232.552 181.481 204.302 216.166 269.253 161.759 160.879 157.916 152.084 160.173 134.279 118.828 117.457 113.817 180.951 108.498 108.366 101.444 93.5805 85.448 82.3039 78.8171 73.186 81.5551 133.715 78.1589 89.4542 164.375 152.214 126.639 71.6235 74.6715 71.0024 62.668 85.5197 61.5284 59.1427 90.5249 99.013 84.3529 58.4369
threshold=47.125000000000007 215.62500000000003 0.15615895522911324 293.55769822711039 5.1035156250000009 128.62500000000003 113.50000000000001 287.69624405815495 1001.5000000000001 1.0000000180025095e-35 109.87500000000001 0.0063821144962616511 0.2735205961759733 146.55273437500003 1.7672846521339995 8.7705078125000018 24.564453125000004 43.500000000000007 304.75972779591888 209.50000000000003 295.13285244078872 195.12500000000003 5.6179969552871973e-05 0.44580374440618092 298.98571588879548 0.94411769632598996 1.7964983472480125 101.50000000000001 99.500000000000014 7.9018193456817425 0.0021233714415274008 1.1085937681788425 0.0067589670188219009 0.016516015005070203 7.9018193456817425 251.57684030905332 0.026347456653438003 0.00046995583696225008 288.74866526467468 0.71722501140944084 3.2108161340360659e-05 2.418055866983789 0.096622979270151274 0.00072527637087380005 299.87500000000006 0.68657446042858961
decision_type=2 2 2 2 2 2 2 2 2 2 2 2 2 2 2 2 2 2 2 2 2 2 2 2 2 2 2 2 2 2 2 2 2 2 2 2 2 2 2 2 2 2 2 2 2 2
left_child=27 3 41 4 15 22 -4 8 9 -8 20 17 -10 14 -9 26 -13 37 21 -20 -5 -7 23 -6 -24 -18 -2 28 45 -30 31 -29 -33 34 -34 36 -22 -12 39 -17 -28 42 43 -3 -45 -1
right_child=1 2 6 10 5 18 7 13 12 -11 11 16 -14 -15 -16 38 25 -19 19 -21 35 -23 24 -25 -26 -27 40 30 29 -31 -32 32 33 -35 -36 -37 -38 -39 -40 -41 -42 -43 -44 44 -46 -47
leaf_value=0.075044711726905119 0.011362038613389606 -0.017634777289799772 0.0097559368639762341 -0.013182411475163107 0.10787633352046001 0.092804899047180173 0.27920841857764317 0.0063639190123369813 0.088030275536680649 0.074299878755521145 -0.01158649294107577 0.38874577837327356 0.16616972326150076 -0.020861443853523599 0.23096294304388976 0.14757961541805278 -0.01777161529029778 0.019543427747083366 0.38638363595380576 0.016533393330463712 -0.014759793777995909 0.044675564603526272 0.0048733038366562649 0.014890784925258504 0.049534602368525305 0.20760508287224338 0.21314971205138444 -0.017881099424793299 -0.014366663693008628 0.40171462043681067 -0.024039801367948126 -0.0055390263375726147 0.43229452275687419 -0.015321852921385709 -0.0084913718637353794 -0.018163832863814941 0.21939981922579427 0.26117246343132211 -0.011965574032475262 0.33894403729492961 0.015714419685536614 -0.02836559714310723 -0.010462306883967598 -0.01021477206612237 0.31976523945607499 -0.0057606329093451156
leaf_weight=9.4951926236972195 9.2669330798089522 1.8592863962985591 16.446677332278341 8.9567900295369345 22.619094283785671 79.203825100325048 5.1739721423946312 3.3310468564741376 42.274638480972499 166.37466962449253 0.92196170240640807 4.208344486076383 68.078845091629773 2.671293784864246 25.403044206090271 10.458028635475779 1.8446519090794025 7.5631977855227888 1.6495038494467724 2.3978673359379172 1.3279524170793573 98.210944658145308 145.93101454060525 17.483265438117087 51.714781767688692 3.6352394782006741 3.5093186963349572 12.941285628359767 1.2898063729517151 0.3062342102639376 203.66509790346026 5.9513774467632157 1.6795245883986361 1.4372721998952327 0.66880865488201369 1.9748422121629117 5.0393063281662762 3.2453202316537499 0.9864000338129707 3.8051576702855536 2.4240867663174868 18.279756515286863 7.5969446389935911 0.80541497468948398 1.7674240693449972 33.679261931218207
leaf_count=1763 1198 216 2087 852 2684 8587 227 280 2539 11597 57 153 2229 103 1174 359 100 440 91 219 135 9810 23056 2419 6014 151 41 2479 249 23 40365 1118 286 278 128 198 354 109 170 93 190 2779 963 90 143 6380
internal_value=0.0550748 0.076238 0.0993139 0.0590446 0.0523664 0.0455675 0.107927 0.113014 0.104156 0.0820971 0.133182 0.187179 0.137349 0.18667 0.206217 0.141352 0.274738 0.0984917 0.0711025 0.215142 0.0594229 0.0665955 0.0258365 0.0688323 0.0167798 0.139778 0.0705924 -0.0111696 0.0234577 0.187145 -0.0181183 0.0335768 0.0978232 0.228776 0.339922 0.131087 0.174375 0.209103 0.202829 0.217887 0.147253 0.0049582 0.054349 0.14802 0.24084 0.0131713
internal_weight=1119.55 848.441 360.063 488.378 449.66 419.21 329.754 313.308 281.902 171.549 38.7176 21.4187 110.353 31.4054 28.7341 30.4499 9.68824 11.7305 181.462 4.04737 17.2989 177.415 237.748 40.1024 197.646 5.47989 15.2003 271.114 44.7705 1.59604 226.343 22.6783 9.73698 3.78561 2.34833 8.3421 6.36726 4.16728 15.2496 14.2632 5.93341 30.3088 12.0291 4.43213 2.57284 43.1745
internal_count=134976 81907 24427 57480 54931 52880 20236 18149 16592 11824 2549 1010 4768 1557 1454 2051 404 606 18707 310 1539 18397 34173 5103 29070 251 1429 53069 8415 272 44654 4289 1810 692 414 687 489 166 622 452 231 4191 1412 449 233 8143
is_linear=0
shrinkage=0.03


Tree=6
num_leaves=47
num_cat=0
split_feature=13 13 18 20 0 2 8 15 1 18 22 19 1 10 15 0 13 10 23 1 18 17 12 18 23 6 15 20 7 8 19 8 6 7 12 17 22 8 5 19 14 13 8 2 10 8
split_gain=1692.17 243.498 221.952 204.335 220.795 262.371 234.313 189.04 181.148 225.928 188.583 141.788 224.291 174.745 174.067 140.862 132.465 132.035 148.438 130.607 125.546 125.666 118.872 264.999 354.586 131.041 243.648 108.622 85.468 83.0981 76.5556 76.18 79.1997 105.737 69.2198 66.6071 176.793 116.554 63.4939 62.7925 62.3248 59.6659 56.3203 53.02 47.8534 64.5953
threshold=0.08189119683173722 0.016733537202281153 1206.3750000000002 47.125000000000007 289.23843617666347 0.027877620986107101 133.50000000000003 301.78664654625788 0.20440394816070037 657.85000610351574 121.11523437500001 11.825195312500002 0.58802028032153519 2.8799732314774977 297.95079525841612 288.22536695571176 0.023727502168783905 1.1789857445753829 18.503417968750004 0.95716574893534911 998.62500000000011 37.375000000000007 3.3014392840868829e-05 611.55822753906261 16.948242187500004 9.2294330728880247 296.73349515067213 507.37500000000006 132.6299564013224 199.50000000000003 14.297851562500002 101.50000000000001 7.9018193456817425 104.91433458548933 6.1393692154965165e-05 201.12500000000003 99.304687500000014 762.50000000000011 35.000000000000007 13.094726562500002 25.500000000000004 0.0033473465576214002 74.500000000000014 0.016516015005070203 0.74670625748954589 1045.5000000000002
decision_type=2 2 2 2 2 2 2 2 2 2 2 2 2 2 2 2 2 2 2 2 2 2 2 2 2 2 2 2 2 2 2 2 2 2 2 2 2 2 2 2 2 2 2 2 2 2
left_child=1 2 11 31 5 6 30 34 9 -3 16 22 13 14 -13 -7 -11 18 -4 41 21 -10 23 24 -1 28 -27 -21 -24 -9 42 32 -2 -34 38 37 -37 -23 39 -6 -18 -14 -5 -22 -8 -46
right_child=3 8 17 4 7 15 44 29 20 10 -12 12 19 -15 -16 -17 40 -19 -20 27 43 35 25 -25 -26 26 -28 -29 -30 -31 -32 -33 33 -35 -36 36 -38 -39 -40 -41 -42 -43 -44 -45 45 -47
leaf_value=0.41984545443475113 0.014669366187071419 0.038187216923351613 -0.015998200003066915 -0.0078950286820256271 -0.0096676899838521353 -0.0068602749486009282 -0.017748883419427906 0.15224559672300519 -0.0086670893953051439 -0.0066808887406239982 -0.012895497966492003 0.11260265455551874 0.13079466229620157 0.067711987021077433 0.41390409076629087 0.51273919318829764 0.066362025659184559 -0.021831212911718811 0.37556445479381106 0.12167010915014265 -0.028320344202024991 0.065957203492413824 0.0099783402707250279 -0.0032497365857934953 0.0084901590616005777 0.010253460421675803 0.2685169181862081 -0.0060578651836347914 0.072544096860367377 -0.020625567439827502 0.021443262366044834 -0.015915661378836116 0.29850710939578362 -0.015833486350136476 0.0049722393543748782 0.019532720796217529 0.13307752958000382 0.1232810042702729 0.22791080639610142 0.13347615239011515 0.53735665156559187 0.0039843318619327672 0.26965020074947182 0.1497169609738048 0.15097010382383955 -0.0022896014062891152
leaf_weight=4.1511376732960326 41.697093400638551 5.2722785165533406 1.5506645645946293 0.62044941959903166 7.2738750232383591 0.54739072872325678 12.710014653857799 11.664857885334639 19.494252577889711 0.53260239958763156 1.0832262216135857 3.8851931071840209 3.3331233896315124 4.7451127376407376 5.1262468937784433 1.0333302826620636 0.64826609240844879 19.447765515651554 0.72273201774805773 199.21733183227479 18.156251163687561 160.09290011506528 32.856783223338425 5.2726018596440554 3.0893806414678693 6.222062955144791 6.3011145107448101 5.989651725627481 50.232686097733676 2.7715122913941732 2.0274616489186883 210.17961648339406 1.1267721336334937 1.5244170227088032 172.31345428200439 59.055086103733629 14.832422600127755 42.214199100155383 1.1854027118533839 3.2646210691891611 2.1334013687446713 15.331347341649233 5.8086955016478896 0.63518849341198702 3.6036593597382289 5.1267960574477911
leaf_count=250 7792 692 259 83 685 57 1798 514 3400 44 129 260 189 305 189 74 82 3234 51 6254 2825 14563 2175 386 215 518 297 497 2988 391 73 42343 113 298 26489 6091 1108 4267 111 207 110 936 234 91 471 695
internal_value=0.0531854 0.0832708 0.100138 0.0101411 0.0305828 0.1032 0.0750796 0.0185761 0.0638811 0.187029 0.324231 0.105968 0.119218 0.236287 0.308823 0.397545 0.413256 0.00650457 0.183354 0.110979 0.0594946 0.0642662 0.0759674 0.161104 0.267386 0.0632111 0.150891 0.117902 0.0482874 0.119483 0.199658 -0.0083507 0.0269299 0.161286 0.0100254 0.0694483 0.0438789 0.0784957 0.0775952 0.0418803 0.475752 0.0324351 0.244601 -0.0147385 0.0189679 0.0693685
internal_weight=1176.1 691.625 367.475 484.479 229.952 31.4778 29.8971 198.474 324.15 9.66977 4.3975 345.754 237.628 13.7566 9.01144 1.58072 3.31427 21.7212 2.2734 223.871 314.48 295.689 108.126 12.5131 7.24052 95.6126 12.5232 205.207 83.0895 14.4364 8.45661 254.528 44.3483 2.65119 184.037 276.195 73.8875 202.307 11.7239 10.5385 2.78167 18.6645 6.42914 18.7914 21.4405 8.73046
internal_count=134833 52405 19003 82428 31882 3485 3354 28397 33402 1057 365 15459 8630 754 449 131 236 3544 310 7876 32345 29429 6829 851 465 5978 815 6751 5163 905 390 50546 8203 411 27492 26029 7199 18830 1003 892 192 1125 317 2916 2964 1166
is_linear=0
shrinkage=0.03


end of trees

feature_importances:
elevation_m=28
dewpoint_k=22
temp_mean_30d=22
vpd_kpa=21
drought_code=20
precip_sum_90d=18
ndvi=17
slope_deg=16
build_up_index=16
wind_speed=13
duff_moisture_code=13
temp_mean_k=12
precip_sum_30d=12
fire_danger_index=12
temp_anomaly_z=11
precip_sum_7d=11
keetch_byram_drought_index=11
precip_total_m=10
aspect_deg=10
initial_fire_spread_index=10
landcover=6
fine_fuel_moisture_code=5
dry_day_count_30d=3
fire_weather_index=3

parameters:
[boosting: gbdt]
[objective: binary]
[metric: auc,average_precision]
[tree_learner: serial]
[device_type: cpu]
[data_sample_strategy: bagging]
[data: ]
[valid: ]
[num_iterations: 2500]
[learning_rate: 0.03]
[num_leaves: 47]
[num_threads: 0]
[seed: 0]
[deterministic: 0]
[force_col_wise: 0]
[force_row_wise: 0]
[histogram_pool_size: -1]
[max_depth: 7]
[min_data_in_leaf: 30]
[min_sum_hessian_in_leaf: 0.001]
[bagging_fraction: 0.8]
[pos_bagging_fraction: 1]
[neg_bagging_fraction: 1]
[bagging_freq: 1]
[bagging_seed: 3]
[bagging_by_query: 0]
[feature_fraction: 0.75]
[feature_fraction_bynode: 1]
[feature_fraction_seed: 2]
[extra_trees: 0]
[extra_seed: 6]
[early_stopping_round: 0]
[early_stopping_min_delta: 0]
[first_metric_only: 0]
[max_delta_step: 0]
[lambda_l1: 0.2]
[lambda_l2: 1]
[linear_lambda: 0]
[min_gain_to_split: 0]
[drop_rate: 0.1]
[max_drop: 50]
[skip_drop: 0.5]
[xgboost_dart_mode: 0]
[uniform_drop: 0]
[drop_seed: 4]
[top_rate: 0.2]
[other_rate: 0.1]
[min_data_per_group: 100]
[max_cat_threshold: 32]
[cat_l2: 10]
[cat_smooth: 10]
[max_cat_to_onehot: 4]
[top_k: 20]
[monotone_constraints: ]
[monotone_constraints_method: basic]
[monotone_penalty: 0]
[feature_contri: ]
[forcedsplits_filename: ]
[refit_decay_rate: 0.9]
[cegb_tradeoff: 1]
[cegb_penalty_split: 0]
[cegb_penalty_feature_lazy: ]
[cegb_penalty_feature_coupled: ]
[path_smooth: 0]
[interaction_constraints: ]
[verbosity: -1]
[saved_feature_importance_type: 0]
[use_quantized_grad: 0]
[num_grad_quant_bins: 4]
[quant_train_renew_leaf: 0]
[stochastic_rounding: 1]
[linear_tree: 0]
[max_bin: 255]
[max_bin_by_feature: ]
[min_data_in_bin: 3]
[bin_construct_sample_cnt: 200000]
[data_random_seed: 1]
[is_enable_sparse: 1]
[enable_bundle: 1]
[use_missing: 1]
[zero_as_missing: 0]
[feature_pre_filter: 1]
[pre_partition: 0]
[two_round: 0]
[header: 0]
[label_column: ]
[weight_column: ]
[group_column: ]
[ignore_column: ]
[categorical_feature: ]
[forcedbins_filename: ]
[precise_float_parser: 0]
[parser_config_file: ]
[objective_seed: 5]
[num_class: 1]
[is_unbalance: 0]
[scale_pos_weight: 4.5]
[sigmoid: 1]
[boost_from_average: 1]
[reg_sqrt: 0]
[alpha: 0.9]
[fair_c: 1]
[poisson_max_delta_step: 0.7]
[tweedie_variance_power: 1.5]
[lambdarank_truncation_level: 30]
[lambdarank_norm: 1]
[label_gain: ]
[lambdarank_position_bias_regularization: 0]
[eval_at: ]
[multi_error_top_k: 1]
[auc_mu_weights: ]
[num_machines: 1]
[local_listen_port: 12400]
[time_out: 120]
[machine_list_filename: ]
[machines: ]
[gpu_platform_id: -1]
[gpu_device_id: -1]
[gpu_device_id_list: ]
[gpu_use_dp: 0]
[num_gpu: 1]

end of parameters

pandas_categorical:[]
